4294967278,20
4294967278,19
4294967278,18
4294967278,17
4294967278,16
4294967278,15
4294967278,14
4294967278,13
4294967278,12
4294967278,11
4294967278,10
4294967278,9
4294967278,8
4294967278,7
4294967278,6
4294967278,5
4294967278,4
4294967278,260
4294967278,62
4294967278,60
4294967278,59
4294967278,58
4294967278,57
4294967278,56
4294967278,55
4294967278,54
4294967278,53
4294967278,345
4294967278,52
4294967278,51
4294967278,50
4294967278,49
4294967278,48
4294967278,47
4294967278,46
4294967278,339
4294967278,45
4294967278,44
4294967278,375
4294967278,43
4294967278,374
4294967278,42
4294967278,384
4294967278,41
4294967278,40
4294967278,39
4294967278,38
4294967278,37
4294967278,294
4294967278,36
4294967278,35
4294967278,336
4294967278,34
4294967278,335
4294967278,33
4294967278,32
4294967278,31
4294967278,30
4294967278,292
4294967278,29
4294967278,28
4294967278,319
4294967278,27
4294967278,26
4294967278,25
4294967278,24
4294967278,23
4294967278,22
4294967278,21
4294967279,86
4294967279,80
4294967279,73
4294967279,67
4294967279,60
4294967279,59
4294967279,58
4294967279,57
4294967279,54
4294967279,53
4294967279,52
4294967279,51
4294967279,47
4294967279,45
4294967279,42
4294967279,38
4294967279,37
4294967279,32
4294967279,31
4294967279,28
4294967279,24
4294967279,23
4294967279,22
4294967279,19
4294967279,17
4294967279,13
4294967278,223
4294967278,219
4294967278,216
4294967278,214
4294967278,211
4294967278,210
4294967278,209
4294967278,208
4294967278,207
4294967278,206
4294967278,205
4294967278,204
4294967278,310
4294967278,202
4294967278,201
4294967279,201
4294967278,200
4294967279,200
4294967279,199
4294967278,198
4294967279,198
4294967278,197
4294967279,197
4294967278,196
4294967279,196
4294967278,195
4294967279,82
4294967279,568
4294967278,385
4294967279,194
4294967278,193
4294967278,364
4294967279,79
4294967279,537
4294967294,30
4294967294,1166
4294967294,1163
4294967294,1158
4294967294,1019
4294967294,992
4294967294,990
4294967294,988
4294967278,191
4294967279,191
4294967278,190
4294967279,190
4294967294,1417
4294967278,189
4294967278,391
4294967279,66
4294967294,388
4294967279,75
4294967279,567
4294967278,380
4294967279,74
4294967279,187
4294967279,156
4294967278,379
4294967279,186
4294967278,185
4294967279,72
4294967279,185
4294967279,534
4294967279,184
4294967278,183
4294967278,182
4294967278,304
4294967279,69
4294967279,298
4294967279,179
4294967278,181
91,6
4294967279,181
91,5
4294967278,180
91,4
4294967279,180
91,3
91,2
91,1
4294967279,565
4294967278,179
4294967278,390
4294967279,64
4294967279,573
4294967278,176
4294967278,350
4294967279,532
4294967278,175
4294967279,175
4294967278,61
4294967278,173
4294967278,363
4294967279,61
4294967279,173
4294967279,296
4294967279,172
4294967279,171
4294967279,168
4294967279,170
4294967279,169
4294967279,167
4294967279,166
4294967279,165
4294967279,164
4294967279,163
88,4
4294967279,162
88,3
88,2
88,1
4294967279,526
4294967279,161
4294967279,160
4294967279,159
87,4
87,3
87,2
87,1
4294967279,158
4294967294,481
4294967279,157
4294967279,44
4294967279,155
4294967279,290
4294967279,154
86,6
4294967279,40
4294967279,151
4294967279,389
4294967279,41
4294967279,522
86,5
4294967279,150
4294967279,149
86,4
86,3
86,2
86,1
4294967279,148
4294967279,147
4294967279,35
4294967279,146
4294967279,287
4294967279,145
85,5
4294967279,30
4294967279,143
4294967294,89
85,4
4294967279,142
85,3
85,2
85,1
4294967279,286
4294967279,141
4294967279,29
4294967279,564
4294967279,272
4294967294,392
4294967279,137
84,5
4294967294,387
4294967279,136
4294967279,135
84,4
84,3
84,2
84,1
4294967279,134
4294967279,133
4294967294,480
4294967279,21
4294967279,271
4294967279,268
4294967279,270
83,5
4294967279,279
83,4
4294967279,280
83,3
83,2
83,1
4294967279,278
4294967294,424
4294967294,1001
4294967294,186
4294967294,1175
4294967279,277
4294967294,99
4294967294,76
4294967279,15
4294967279,515
4294967279,547
4294967279,263
82,4
82,3
82,2
82,1
4294967279,262
0,7
4294967279,11
4294967279,273
4294967294,0
4294967278,389
4294967278,348
4294967278,0
4294967279,10
4294967279,259
4294967279,545
4294967279,527
4294967294,40
4294967294,41
4294967294,38
4294967294,37
4294967294,36
4294967279,274
4294967294,393
4294967294,46
4294967294,389
4294967294,390
4294967294,115
4294967294,114
4294967294,120
4294967279,558
4294967279,281
4294967294,476
4294967279,0
4294967294,107
4294967294,91
4294967294,90
4294967294,87
4294967294,86
4294967294,85
4294967294,84
4294967294,409
4294967294,396
4294967294,1000
4294967294,179
4294967294,385
4294967294,178
4294967294,1171
4294967294,168
4294967294,414
4294967294,164
4294967294,468
4294967294,450
4294967294,1
4294967294,2
4294967294,1017
4294967294,1174
4294967294,1173
